-0.547429	0.0225821	0.011239
-0.54707	0.0145396	0.00901014
-0.546712	0.0356893	0.0141365
-0.546353	0.0289035	0.0127566
-0.545994	0.0185923	0.010246
-0.545635	0.0256085	0.0120249
-0.545276	0.0198909	0.0106012
-0.544916	0.0127754	0.00850638
-0.544557	0.0114654	0.00806985
-0.544197	0.0205116	0.0108101
-0.543837	0.0230816	0.0114876
-0.543477	0.0324011	0.013624
-0.543117	0.0346441	0.0140782
-0.542757	0.0440112	0.0158485
-0.542396	0.017407	0.00996631
-0.542036	0.035728	0.0142896
-0.541675	0.020829	0.010915
-0.541314	0.00247456	0.00376309
-0.540953	0.0200593	0.0107256
-0.540592	0.0232113	0.0115521
-0.540231	0.0231968	0.0115449
-0.539869	0.0179427	0.0101339
-0.539508	0.0224704	0.0113212
-0.539146	0.00726575	0.00643578
-0.538784	0.0163779	0.00966827
-0.538422	0.00656365	0.00612334
-0.53806	0.0220146	0.0112117
-0.537697	0.0175457	0.00999902
-0.537335	0.0172014	0.00988544
-0.536972	0.022693	0.0113402
-0.536609	0.0228496	0.0113721
-0.536246	0.0115723	0.00808866
-0.535883	0.0171383	0.00983541
-0.53552	0.0339007	0.0138232
-0.535156	0.0170494	0.00979808
-0.534793	0.0171906	0.00982694
-0.534429	0.0228082	0.0112935
-0.534065	0.0275251	0.0123783
-0.533701	0.0174837	0.00985379
-0.533337	0.0268369	0.012201
-0.532972	0.0120407	0.00816241
-0.532608	0.022247	0.0110722
-0.532243	0.0205432	0.0106152
-0.531878	0.00492841	0.00518723
-0.531513	0.00251908	0.00370016
-0.531148	0.0211847	0.0107108
-0.530783	0.0163555	0.00939932
-0.530418	0.013993	0.00868369
-0.530052	0.00329003	0.00420532
-0.529686	0.0207864	0.0105597
-0.529321	0.0189628	0.0100749
-0.528955	0.028418	0.0123067
-0.528588	0.0147231	0.00883153
-0.528222	0.0287861	0.0123223
-0.527856	0.0137472	0.00850867
-0.527489	0.00644816	0.00582048
-0.527122	0.0129175	0.00821389
-0.526755	0.0221629	0.0107207
-0.526388	0.0247747	0.0113074
-0.526021	0.0181501	0.0096647
-0.525653	0.0157808	0.00899723
-0.525286	0.0267353	0.0116855
-0.524918	0.013954	0.00842248
-0.52455	0.0116886	0.00768906
-0.524182	0.015235	0.0087554
-0.523814	0.0151738	0.00872019
-0.523446	0.0119303	0.0077211
-0.523077	0.00502127	0.00499812
-0.522709	0.00665952	0.00573579
-0.52234	0.00990561	0.00697203
-0.521971	0.0168585	0.00907919
-0.521602	0.025964	0.0112542
-0.521233	0.0250816	0.0110364
-0.520863	0.0266553	0.0113408
-0.520494	0.0164192	0.00887551
-0.520124	0.0212178	0.0100685
-0.519754	0.0181219	0.00928737
-0.519384	0.0115715	0.00740652
-0.519014	0.01633	0.00877973
-0.518643	0.0148175	0.00834163
-0.518273	0.00942501	0.00663376
-0.517902	0.0157916	0.00856803
-0.517532	0.0168749	0.00884461
-0.517161	0.00711194	0.00572997
-0.516789	0.00462671	0.00460538
-0.516418	0.00459479	0.00457361
-0.516047	0.0160497	0.00853182
-0.515675	0.0134124	0.00778971
-0.515303	0.00708512	0.00564843
-0.514932	0.0111639	0.00706902
-0.51456	0.0162604	0.00851377
-0.514187	0.0126138	0.00748871
-0.513815	0.0218696	0.00983905
-0.513442	0.0279806	0.0110936
-0.51307	0.0195373	0.00924468
-0.512697	0.0098874	0.00656433
-0.512324	0.00697756	0.00550244
-0.511951	0.0218247	0.00970344
-0.511578	0.0197311	0.00920398
-0.511204	0.0102821	0.00663536
-0.51083	0.00862131	0.00606808
-0.510457	0.00858115	0.00603981
-0.510083	0.0112945	0.00690817
-0.509709	0.0155097	0.00807225
-0.509334	0.0112495	0.00685761
-0.50896	0.0169093	0.00838617
-0.508585	0.0323207	0.0115631
-0.508211	0.0316156	0.011407
-0.507836	0.0289549	0.0108934
-0.507461	0.0259292	0.0102933
-0.507086	0.0128035	0.00722468
-0.50671	0.0112007	0.00674617
-0.506335	0.0152579	0.00785279
-0.505959	0.0101352	0.00637965
-0.505583	0.0172317	0.00829414
-0.505207	0.0108086	0.00655265
-0.504831	0.00487826	0.00439128
-0.504455	0.0226951	0.00944655
-0.504078	0.0119312	0.00683209
-0.503702	0.00786311	0.00553442
-0.503325	0.0142089	0.00742527
-0.502948	0.0188106	0.0085256
-0.502571	0.0323216	0.0111472
-0.502194	0.0119905	0.00676968
-0.501816	0.00767355	0.005401
-0.501439	0.00764563	0.00538135
-0.501061	0.0175758	0.00815005
-0.500683	0.0156804	0.00768812
-0.500305	0.00506591	0.00436101
-0.499927	0.0139128	0.00720872
-0.499549	0.0149979	0.00746439
-0.49917	0.0149185	0.00742483
-0.498791	0.00798687	0.00542056
-0.498413	0.00740364	0.00521102
-0.498034	0.00738295	0.00519646
-0.497654	0.0213437	0.00881531
-0.497275	0.00436022	0.00397256
-0.496896	0.0142187	0.00715624
-0.496516	0.021591	0.0088037
-0.496136	0.00737911	0.00513695
-0.495756	0.0214465	0.00873664
-0.495376	0.0108545	0.00620394
-0.494996	0.0178508	0.00794629
-0.494615	0.0175243	0.00785597
-0.494235	0.0107374	0.00612583
-0.493854	0.0136379	0.00687976
-0.493473	0.00676853	0.00484021
-0.493092	0.00424139	0.00383002
-0.492711	0.0136328	0.00685464
-0.492329	0.0109963	0.0061378
-0.491948	0.0161796	0.00742699
-0.491566	0.00834874	0.00532668
-0.491184	0.0200967	0.0082479
-0.490802	0.0182857	0.00784668
-0.49042	0.0247676	0.00911245
-0.490038	0.00963172	0.00567435
-0.489655	0.00828066	0.0052515
-0.489272	0.0161737	0.00732057
-0.488889	0.0127474	0.00648602
-0.488506	0.0130003	0.00654383
-0.488123	0.0214593	0.00839788
-0.48774	0.00198575	0.0025486
-0.487356	0.0119131	0.00622471
-0.486973	0.0196121	0.00796969
-0.486589	0.0180671	0.00763795
-0.486205	0.0145349	0.00683954
-0.485821	0.0186149	0.0077248
-0.485436	0.0152888	0.00698684
-0.485052	0.0136919	0.00659937
-0.484667	0.0168626	0.00730873
-0.484282	0.0208971	0.00811724
-0.483897	0.0207	0.00805857
-0.483512	0.00945391	0.00543305
-0.483127	0.0094197	0.00541339
-0.482741	0.010401	0.00568187
-0.482356	0.0104434	0.00568684
-0.48197	0.00938677	0.00538056
-0.481584	0.0165538	0.00712534
-0.481198	0.0206761	0.00794286
-0.480812	0.0245483	0.00863911
-0.480425	0.0175848	0.00730074
-0.480039	0.0142996	0.00657137
-0.479652	0.0201447	0.00778295
-0.479265	0.00906749	0.00521098
-0.478878	0.0102774	0.00553816
-0.47849	0.00948395	0.00531275
-0.478103	0.0137342	0.00638581
-0.477715	0.0173323	0.00716278
-0.477328	0.00625059	0.00429122
-0.47694	0.00431087	0.00355354
-0.476552	0.010012	0.00540318
-0.476163	0.0216702	0.00793874
-0.475775	0.0221734	0.00802117
-0.475386	0.0218125	0.00794154
-0.474997	0.0246663	0.00842759
-0.474609	0.0158161	0.00673743
-0.474219	0.0130668	0.00611607
-0.47383	0.0098042	0.00528881
-0.473441	0.00573244	0.00403476
-0.473051	0.00413618	0.00341922
-0.472661	0.00443111	0.00353213
-0.472272	0.00888397	0.00499273
-0.471881	0.00965956	0.00519748
-0.471491	0.0117473	0.00572353
-0.471101	0.0240809	0.00818472
-0.47071	0.0223182	0.00786741
-0.470319	0.0150081	0.00643736
-0.469928	0.0225168	0.00786605
-0.469537	0.0153882	0.00649045
-0.469146	0.0153397	0.00647053
-0.468755	0.0138526	0.00613832
-0.468363	0.0109381	0.00544382
-0.467971	0.0182068	0.00701248
-0.467579	0.0125279	0.00581086
-0.467187	0.0100064	0.00518644
-0.466795	0.0108069	0.00537852
-0.466403	0.0107574	0.00535388
-0.46601	0.0126396	0.00579364
-0.465617	0.00949154	0.00501428
-0.465224	0.0256075	0.00822355
-0.464831	0.0141006	0.00609098
-0.464438	0.00793954	0.00456276
-0.464045	0.00992605	0.00509418
-0.463651	0.0125467	0.00571766
-0.463257	0.0212719	0.00743027
-0.462863	0.0193683	0.00707691
-0.462469	0.0161339	0.00644888
-0.462075	0.0113724	0.00540612
-0.46168	0.0166811	0.00653747
-0.461286	0.0137893	0.00593543
-0.460891	0.00856037	0.00466992
-0.460496	0.00985253	0.0050017
-0.460101	0.0211172	0.00730984
-0.459706	0.0163244	0.00641744
-0.45931	0.0108063	0.00521415
-0.458915	0.0123541	0.00556587
-0.458519	0.0170984	0.00653578
-0.458123	0.0175903	0.00661783
-0.457727	0.0015962	0.00199025
-0.45733	0.00916311	0.00475934
-0.456934	0.00763675	0.00433656
-0.456537	0.00976008	0.00489652
-0.45614	0.00990397	0.00492915
-0.455743	0.0169575	0.00644224
-0.455346	0.0148458	0.00601491
-0.454949	0.00992364	0.00490637
-0.454551	0.0049663	0.00346543
-0.454154	0.00969821	0.00483789
-0.453756	0.00490994	0.00343841
-0.453358	0.00973794	0.00483483
-0.45296	0.0124179	0.00545056
-0.452561	0.0239814	0.0075629
-0.452163	0.0209284	0.00705531
-0.451764	0.00744929	0.00420305
-0.451365	0.0130186	0.00554698
-0.450966	0.0271149	0.0079925
-0.450567	0.0100874	0.00486978
-0.450168	0.0165854	0.0062398
-0.449768	0.0160578	0.00613147
-0.449368	0.0112351	0.00511658
-0.448969	0.00815111	0.00434787
-0.448568	0.0157393	0.0060344
-0.448168	0.0119875	0.00526361
-0.447768	0.0143087	0.00574406
-0.447367	0.0165902	0.00617259
-0.446966	0.0200117	0.00676644
-0.446566	0.0252114	0.00758535
-0.446164	0.015492	0.00593983
-0.445763	0.0198138	0.00670942
-0.445362	0.00639752	0.00380792
-0.44496	0.00553217	0.00353604
-0.444558	0.00959182	0.00464671
-0.444156	0.012881	0.00537371
-0.443754	0.0180638	0.00635707
-0.443352	0.0180581	0.00635508
-0.442949	0.0197803	0.00664636
-0.442547	0.0246993	0.00741277
-0.442144	0.020263	0.0067005
-0.441741	0.00956153	0.00459711
-0.441338	0.0117924	0.00510089
-0.440934	0.010622	0.00483516
-0.440531	0.00651403	0.00378066
-0.440127	0.0110393	0.00491417
-0.439723	0.0131976	0.0053646
-0.439319	0.0175531	0.00617733
-0.438915	0.0190492	0.00642805
-0.438511	0.0194898	0.00649536
-0.438106	0.0184539	0.00630935
-0.437701	0.0197427	0.00651122
-0.437296	0.0154764	0.00575625
-0.436891	0.0185743	0.00630333
-0.436486	0.0216267	0.00679759
-0.436081	0.0279518	0.0077167
-0.435675	0.0260514	0.00743888
-0.435269	0.0216922	0.00678301
-0.434863	0.0211309	0.00668987
-0.434457	0.0186335	0.00627346
-0.434051	0.0156938	0.00574914
-0.433644	0.020093	0.00649916
-0.433238	0.0221829	0.00682092
-0.432831	0.0190749	0.006313
-0.432424	0.0168046	0.00591556
-0.432017	0.0178324	0.00609077
-0.431609	0.0189581	0.00627894
-0.431202	0.0198402	0.00641593
-0.430794	0.0154344	0.00564911
-0.430386	0.0181564	0.0061205
-0.429978	0.0159835	0.00574022
-0.42957	0.0138942	0.00534839
-0.429161	0.0189616	0.00624204
-0.428753	0.0231141	0.00688674
-0.428344	0.0150565	0.00555402
-0.427935	0.0131888	0.00519089
-0.427526	0.0151954	0.00556328
-0.427116	0.0181721	0.00607955
-0.426707	0.0166637	0.00582079
-0.426297	0.0169483	0.00586576
-0.425887	0.0249732	0.00710953
-0.425477	0.0285245	0.00758834
-0.425067	0.0217363	0.00661963
-0.424657	0.0223912	0.00671462
-0.424246	0.0188106	0.00614884
-0.423835	0.021788	0.0066103
-0.423424	0.0214035	0.00654386
-0.423013	0.0201493	0.0063424
-0.422602	0.0157931	0.00561291
-0.422191	0.0228992	0.00676069
-0.421779	0.0217269	0.00658418
-0.421367	0.0200818	0.00632114
-0.420955	0.0185083	0.00605921
-0.420543	0.0118894	0.0048552
-0.420131	0.0162129	0.00567201
-0.419718	0.0164364	0.00570746
-0.419305	0.0143708	0.00532813
-0.418893	0.0234957	0.00680586
-0.41848	0.0178039	0.00592479
-0.418066	0.0224416	0.00665127
-0.417653	0.0123066	0.00492097
-0.417239	0.0115731	0.00476762
-0.416825	0.0219543	0.00656376
-0.416411	0.0237397	0.00682147
-0.415997	0.015144	0.00544269
-0.415583	0.00862643	0.00410526
-0.415169	0.0166112	0.00569778
-0.414754	0.0195135	0.00617523
-0.414339	0.0232338	0.00673094
-0.413924	0.0181864	0.00594742
-0.413509	0.0158491	0.00555034
-0.413093	0.0193594	0.00613672
-0.412678	0.0141006	0.00523741
-0.412262	0.0211677	0.00641304
-0.411846	0.0234181	0.00674089
-0.41143	0.0215899	0.0064699
-0.411014	0.0234149	0.00673479
-0.410597	0.015732	0.00551641
-0.41018	0.0117469	0.0047632
-0.409764	0.0194755	0.00613029
-0.409346	0.019514	0.00613558
-0.408929	0.0213538	0.00641791
-0.408512	0.019376	0.00611141
-0.408094	0.0170025	0.00572116
-0.407677	0.00833485	0.00400309
-0.407259	0.0171823	0.00574477
-0.40684	0.0144521	0.00526524
-0.406422	0.0246217	0.00686634
-0.406004	0.0181962	0.00589979
-0.405585	0.00833695	0.00399486
-0.405166	0.0137583	0.00513445
-0.404747	0.0156947	0.0054812
-0.404328	0.0168326	0.00566918
-0.403908	0.0153813	0.00541541
-0.403489	0.0249262	0.00689666
-0.403069	0.0153509	0.00541538
-0.402649	0.0237482	0.00673412
-0.402229	0.0159429	0.00551322
-0.401809	0.0106914	0.00451178
-0.401388	0.019145	0.00603514
-0.400967	0.0309797	0.00767486
-0.400547	0.0147851	0.00530114
-0.400125	0.00876966	0.00408216
-0.399704	0.0182651	0.00588865
-0.399283	0.0162354	0.00554756
-0.398861	0.0176646	0.00578345
-0.398439	0.0118784	0.00474254
-0.398017	0.0107497	0.00451195
-0.397595	0.0228456	0.00657576
-0.397173	0.0307942	0.00763144
-0.39675	0.0215951	0.00639014
-0.396328	0.015413	0.00539902
-0.395905	0.0256039	0.00695787
-0.395482	0.0209346	0.00628932
-0.395058	0.0234919	0.00665934
-0.394635	0.0202779	0.00618337
-0.394211	0.0183329	0.00587543
-0.393787	0.0226043	0.00652206
-0.393363	0.0337185	0.00796779
-0.392939	0.0274332	0.00718921
-0.392515	0.0147853	0.00527614
-0.39209	0.0208602	0.00626131
-0.391665	0.0210966	0.00629185
-0.39124	0.0164181	0.00554969
-0.390815	0.0192196	0.00600612
-0.39039	0.0162283	0.00551994
-0.389964	0.0176855	0.00576127
-0.389539	0.0208144	0.00624683
-0.389113	0.0172826	0.00568885
-0.388687	0.0185801	0.00589625
-0.388261	0.0218109	0.00638729
-0.387834	0.0179433	0.00579215
-0.387407	0.0188574	0.00593533
-0.386981	0.0197621	0.00607344
-0.386554	0.0207907	0.00622894
-0.386126	0.0255984	0.00691317
-0.385699	0.0191524	0.00598018
-0.385272	0.0112985	0.00459134
-0.384844	0.0133747	0.00499215
-0.384416	0.0150346	0.00529102
-0.383988	0.0171987	0.00565992
-0.383559	0.0210041	0.00625647
-0.383131	0.0192228	0.00598472
-0.382702	0.0101268	0.00434235
-0.382273	0.0102294	0.00436382
-0.381844	0.0178193	0.00576038
-0.381415	0.0194874	0.00602348
-0.380985	0.023567	0.00662053
-0.380556	0.0226069	0.00648076
-0.380126	0.0193904	0.00600149
-0.379696	0.0162562	0.00549625
-0.379266	0.0264117	0.0070064
-0.378835	0.0216057	0.00633565
-0.378405	0.0298593	0.00744461
-0.377974	0.0263368	0.00698685
-0.377543	0.0157656	0.00540221
-0.377112	0.0238565	0.00664459
-0.37668	0.0225819	0.00646801
-0.376249	0.0233612	0.00658241
-0.375817	0.0201303	0.00611062
-0.375385	0.0201279	0.00610828
-0.374953	0.0162614	0.0054885
-0.374521	0.0207492	0.00619725
-0.374088	0.0253238	0.00684232
-0.373656	0.0172088	0.00563844
-0.373223	0.0164276	0.00551087
-0.37279	0.0152952	0.00532106
-0.372356	0.0164887	0.00552557
-0.371923	0.0230144	0.00652458
-0.371489	0.0179672	0.0057615
-0.371056	0.0247	0.00675391
-0.370622	0.0196886	0.00603025
-0.370187	0.0251219	0.00681212
-0.369753	0.0162808	0.00548404
-0.369318	0.0198716	0.00605786
-0.368884	0.0221567	0.00639427
-0.368449	0.0206471	0.00617019
-0.368013	0.0255741	0.00686647
-0.367578	0.0260568	0.00693185
-0.367142	0.0225805	0.00645251
-0.366707	0.0118009	0.0046629
-0.366271	0.0235211	0.00657995
-0.365835	0.024131	0.00666187
-0.365398	0.0223153	0.00640416
-0.364962	0.00772765	0.00376817
-0.364525	0.0147541	0.00520751
-0.364088	0.0203987	0.00612413
-0.363651	0.0206145	0.00615572
-0.363214	0.032956	0.00778103
-0.362776	0.0170618	0.00559735
-0.362339	0.0272213	0.00706827
-0.361901	0.0152969	0.00529675
-0.361463	0.0237122	0.00659355
-0.361024	0.0196942	0.00600975
-0.360586	0.0341283	0.00791144
-0.360147	0.0213717	0.00625889
-0.359708	0.0153231	0.00529943
-0.359269	0.0354356	0.00806309
-0.35883	0.0222375	0.00638982
-0.358391	0.0240844	0.00664626
-0.357951	0.0359549	0.00811341
-0.357511	0.0271535	0.00705017
-0.357071	0.0146555	0.00518238
-0.356631	0.0231394	0.00651189
-0.356191	0.0203766	0.006106
-0.35575	0.0278422	0.00713378
-0.355309	0.0188941	0.00587803
-0.354868	0.0151391	0.00526251
-0.354427	0.0228257	0.00645933
-0.353986	0.0208565	0.00617307
-0.353544	0.0286922	0.00724374
-0.353102	0.0249821	0.00676129
-0.35266	0.0212242	0.00622764
-0.352218	0.0202818	0.00608129
-0.351776	0.023324	0.00652028
-0.351333	0.0170832	0.00558391
-0.35089	0.0179123	0.00571971
-0.350447	0.0192613	0.00592812
-0.350004	0.0213203	0.00623347
-0.349561	0.0138974	0.00503387
-0.349117	0.0185058	0.00581305
-0.348674	0.0189946	0.00589082
-0.34823	0.0257563	0.00685532
-0.347785	0.0201434	0.0060569
-0.347341	0.01915	0.00590356
-0.346897	0.0212082	0.00621492
-0.346452	0.0144885	0.00513892
-0.346007	0.0173931	0.0056302
-0.345562	0.0232403	0.00650644
-0.345116	0.0165444	0.00548937
-0.344671	0.0233481	0.00652037
-0.344225	0.0314976	0.00756887
-0.343779	0.0253919	0.00679142
-0.343333	0.0217805	0.00629048
-0.342887	0.0279817	0.00713424
-0.34244	0.0271674	0.00702999
-0.341993	0.0210213	0.00617921
-0.341547	0.0237214	0.00656093
-0.341099	0.0238868	0.00658695
-0.340652	0.0220261	0.00632908
-0.340205	0.026634	0.00695788
-0.339757	0.0273846	0.00705008
-0.339309	0.0247594	0.00670213
-0.338861	0.0266153	0.00694981
-0.338413	0.0274538	0.00705585
-0.337964	0.0233907	0.00650733
-0.337515	0.0211071	0.00617967
-0.337066	0.0177839	0.00567553
-0.336617	0.0156941	0.00533405
-0.336168	0.0207437	0.00613009
-0.335718	0.0259138	0.00684724
-0.335269	0.0295982	0.00731766
-0.334819	0.0254552	0.00678879
-0.334369	0.0185106	0.00578894
-0.333918	0.0210437	0.00616892
-0.333468	0.0248772	0.00670444
-0.333017	0.0279044	0.00710064
-0.332566	0.0207559	0.00612438
-0.332115	0.0200727	0.00602218
-0.331664	0.0305432	0.00742877
-0.331212	0.0371759	0.00819792
-0.33076	0.0217921	0.00627708
-0.330308	0.0197361	0.00597119
-0.329856	0.0218554	0.00628002
-0.329404	0.0218408	0.00627581
-0.328951	0.0244978	0.00664478
-0.328499	0.0213944	0.00620691
-0.328046	0.0254489	0.00676822
-0.327592	0.0272772	0.00701046
-0.327139	0.0216961	0.00625555
-0.326685	0.0242574	0.00661118
-0.326232	0.0225324	0.00636351
-0.325778	0.0188507	0.00581727
-0.325324	0.0254806	0.00676988
-0.324869	0.0243314	0.0066243
-0.324415	0.0146525	0.00514165
-0.32396	0.0263818	0.00689311
-0.323505	0.0229069	0.00641742
-0.32305	0.0264002	0.00688693
-0.322594	0.0193773	0.0058998
-0.322139	0.0291958	0.00724242
-0.321683	0.0196547	0.00594372
-0.321227	0.021372	0.00619821
-0.320771	0.0152307	0.00522987
-0.320314	0.0243512	0.00660915
-0.319858	0.0270132	0.00696177
-0.319401	0.0271974	0.00698995
-0.318944	0.0085339	0.00391663
-0.318486	0.0346691	0.00789138
-0.318029	0.0223965	0.00633987
-0.317571	0.0199854	0.00598814
-0.317113	0.0304838	0.00739488
-0.316655	0.0396509	0.00843186
-0.316197	0.0272521	0.00698989
-0.315739	0.023585	0.00650394
-0.31528	0.0291003	0.00722456
-0.314821	0.0361224	0.0080456
-0.314362	0.0334569	0.00773933
-0.313903	0.0114264	0.00452247
-0.313443	0.0231898	0.00644353
-0.312983	0.0179525	0.00566932
-0.312523	0.016926	0.00550397
-0.312063	0.0255821	0.00676547
-0.311603	0.0290476	0.00720763
-0.311142	0.030301	0.00735932
-0.310682	0.0280509	0.00707973
-0.310221	0.0334766	0.00773479
-0.30976	0.0160601	0.00535716
-0.309298	0.0285262	0.00713654
-0.308837	0.0372686	0.00815269
-0.308375	0.0313711	0.00747916
-0.307913	0.0186029	0.00576182
-0.307451	0.0300161	0.00732228
-0.306988	0.0253833	0.00673399
-0.306526	0.0190656	0.00583422
-0.306063	0.0241352	0.00656145
-0.3056	0.0277552	0.00703457
-0.305136	0.0270052	0.00693851
-0.304673	0.0214412	0.00618232
-0.304209	0.0432411	0.00877828
-0.303745	0.0332826	0.00769994
-0.303281	0.0211633	0.00613919
-0.302817	0.0265949	0.00688074
-0.302352	0.0290355	0.00718717
-0.301888	0.0230766	0.00640601
-0.301423	0.0158364	0.00530763
-0.300958	0.0140546	0.00500139
-0.300492	0.022672	0.006351
-0.300027	0.0303145	0.00733964
-0.299561	0.0358812	0.00798325
-0.299095	0.0245075	0.00660055
-0.298629	0.0252353	0.00670133
-0.298162	0.0268	0.00690573
-0.297696	0.0259708	0.00679496
-0.297229	0.0338691	0.00775713
-0.296762	0.0345871	0.00783823
-0.296295	0.0275974	0.00700093
-0.295827	0.0272233	0.00695284
-0.295359	0.0251014	0.0066777
-0.294892	0.0235961	0.00647628
-0.294424	0.0207428	0.00607082
-0.293955	0.0204824	0.00602727
-0.293487	0.0246692	0.00660891
-0.293018	0.031051	0.00741355
-0.292549	0.0348108	0.00785287
-0.29208	0.031492	0.00747079
-0.29161	0.0241964	0.00654638
-0.291141	0.029424	0.00721568
-0.290671	0.0257377	0.00674744
-0.290201	0.0179645	0.00563705
-0.289731	0.0167299	0.00543856
-0.28926	0.0200977	0.00595838
-0.28879	0.0228597	0.00635332
-0.288319	0.0274893	0.00696818
-0.287848	0.0268782	0.00689224
-0.287377	0.0254818	0.00671128
-0.286905	0.0316331	0.00747575
-0.286433	0.025454	0.0067034
-0.285961	0.0270539	0.00690963
-0.285489	0.0309917	0.00739705
-0.285017	0.0303115	0.00731772
-0.284544	0.0303019	0.00731541
-0.284071	0.0336581	0.00770522
-0.283598	0.0229704	0.00636333
-0.283125	0.0241673	0.00652889
-0.282652	0.0296696	0.00723486
-0.282178	0.0266349	0.0068491
-0.281704	0.0296628	0.00721973
-0.28123	0.024573	0.00657072
-0.280756	0.0312725	0.00742046
-0.280281	0.0305564	0.00734141
-0.279807	0.0310289	0.00739664
-0.279332	0.0255274	0.00670453
-0.278857	0.0270089	0.00689354
-0.278381	0.0244285	0.00655441
-0.277906	0.0351146	0.00785625
-0.27743	0.0322542	0.00752986
-0.276954	0.0343066	0.00776907
-0.276477	0.0285739	0.00709115
-0.276001	0.026613	0.00683975
-0.275524	0.0223255	0.00626115
-0.275047	0.0241386	0.00651049
-0.27457	0.0233649	0.00640602
-0.274093	0.0200949	0.00593901
-0.273615	0.0313394	0.00741444
-0.273138	0.0216488	0.00616317
-0.27266	0.0255466	0.00669542
-0.272181	0.0464441	0.00902337
-0.271703	0.0278633	0.00698693
-0.271224	0.035736	0.00791727
-0.270746	0.0435591	0.00874693
-0.270266	0.0394863	0.00832431
-0.269787	0.0211642	0.00608756
-0.269308	0.0243041	0.00652137
-0.268828	0.0411917	0.00849479
-0.268348	0.0324885	0.00754583
-0.267868	0.0334807	0.00765605
-0.267387	0.0250996	0.00662688
-0.266907	0.036702	0.008017
-0.266426	0.033691	0.00768379
-0.265945	0.0283564	0.00704644
-0.265464	0.0300067	0.007244
-0.264982	0.0334962	0.00765164
-0.2645	0.0320166	0.00748009
-0.264018	0.0434251	0.00870981
-0.263536	0.0229902	0.00633715
-0.263054	0.0247778	0.00658004
-0.262571	0.0267569	0.00683686
-0.262089	0.0320592	0.00747951
-0.261605	0.0364206	0.00796957
-0.261122	0.0297883	0.0072097
-0.260639	0.0280307	0.00699624
-0.260155	0.0273507	0.00691002
-0.259671	0.035622	0.00788389
-0.259187	0.0376597	0.00810606
-0.258703	0.02993	0.00722562
-0.258218	0.0328811	0.0075695
-0.257733	0.050689	0.00939371
-0.257248	0.0475143	0.00909494
-0.256763	0.039268	0.0082701
-0.256277	0.0409385	0.00844428
-0.255792	0.038121	0.00814833
-0.255306	0.0433988	0.00869617
-0.25482	0.0162951	0.0053294
-0.254333	0.033909	0.00768506
-0.253847	0.0397861	0.0083203
-0.25336	0.0320155	0.00746311
-0.252873	0.0346436	0.00776389
-0.252386	0.0350705	0.00780854
-0.251898	0.0254538	0.00664867
-0.25141	0.0280508	0.00698037
-0.250922	0.0280894	0.00698998
-0.250434	0.0250607	0.00660375
-0.249946	0.0232816	0.00636046
-0.249457	0.0346236	0.00775062
-0.248968	0.027005	0.00684546
-0.248479	0.0278816	0.0069592
-0.24799	0.0444162	0.00878309
-0.247501	0.0478144	0.00910691
-0.247011	0.0430169	0.0086351
-0.246521	0.0359863	0.00790149
-0.246031	0.0380565	0.00812941
-0.24554	0.0397104	0.00830132
-0.24505	0.0306116	0.00728226
-0.244559	0.0346087	0.0077402
-0.244068	0.0340758	0.00768315
-0.243577	0.0411133	0.00844264
-0.243085	0.0372294	0.00803335
-0.242593	0.0386969	0.00818829
-0.242101	0.0351645	0.00780531
-0.241609	0.0355972	0.00785224
-0.241117	0.0376201	0.00806908
-0.240624	0.0383169	0.0081417
-0.240131	0.0393386	0.00825173
-0.239638	0.0435899	0.00868723
-0.239145	0.0418803	0.00850957
-0.238651	0.0312931	0.00734947
-0.238157	0.0378136	0.00807925
-0.237663	0.041592	0.00848025
-0.237169	0.0451222	0.00883689
-0.236674	0.0409236	0.00841258
-0.23618	0.0400955	0.00832228
-0.235685	0.0372067	0.00801437
-0.23519	0.033597	0.00761326
-0.234694	0.0446555	0.00877424
-0.234198	0.0432606	0.00863731
-0.233703	0.0351928	0.00779496
-0.233207	0.0469588	0.00900604
-0.23271	0.043858	0.00869942
-0.232214	0.0288828	0.00705688
-0.231717	0.0343675	0.00769891
-0.23122	0.0467972	0.0089839
-0.230723	0.0458471	0.00888625
-0.230225	0.036472	0.0079211
-0.229727	0.0412197	0.0084236
-0.22923	0.033331	0.00757986
-0.228731	0.0278337	0.00692634
-0.228233	0.0326826	0.00750087
-0.227734	0.031028	0.00730715
-0.227236	0.0333059	0.00757326
-0.226736	0.0411112	0.00841452
-0.226237	0.0357087	0.00783818
-0.225738	0.0342629	0.00767448
-0.225238	0.0412747	0.00842346
-0.224738	0.0340681	0.00765361
-0.224238	0.0352677	0.00778605
-0.223737	0.0486844	0.00914692
-0.223236	0.0327526	0.00750384
-0.222736	0.033356	0.00757435
-0.222234	0.0347144	0.00772659
-0.221733	0.0403995	0.00833291
-0.221231	0.0387282	0.00815653
-0.220729	0.042507	0.00854434
-0.220227	0.0507168	0.00933448
-0.219725	0.0460891	0.0089011
-0.219222	0.0360711	0.00787435
-0.21872	0.0544111	0.00966441
-0.218217	0.038669	0.0081397
-0.217713	0.0486788	0.00912996
-0.21721	0.0439023	0.00867427
-0.216706	0.0337785	0.00761115
-0.216202	0.0328624	0.0075044
-0.215698	0.0296016	0.00711817
-0.215194	0.0293651	0.00708923
-0.214689	0.0326751	0.00748095
-0.214184	0.0345164	0.00769017
-0.213679	0.0379177	0.00805804
-0.213174	0.0447581	0.00875175
-0.212668	0.0619588	0.0102963
-0.212162	0.0398715	0.00826176
-0.211656	0.0500681	0.00926192
-0.21115	0.044646	0.00874858
-0.210643	0.031659	0.00736573
-0.210136	0.0467101	0.0089408
-0.209629	0.0473943	0.00899965
-0.209122	0.0316632	0.00735382
-0.208615	0.0417353	0.00844274
-0.208107	0.0468085	0.00894038
-0.207599	0.0492065	0.00916587
-0.207091	0.0410393	0.00837281
-0.206582	0.0375829	0.00801498
-0.206074	0.0352865	0.00776392
-0.205565	0.0417339	0.00843552
-0.205056	0.0451398	0.00876642
-0.204546	0.0491079	0.00914403
-0.204037	0.0542512	0.00961552
-0.203527	0.0499126	0.00922579
-0.203017	0.0490383	0.00914583
-0.202506	0.0460246	0.008862
-0.201996	0.0500285	0.00923941
-0.201485	0.0454115	0.00879815
-0.200974	0.0506779	0.00928804
-0.200463	0.0351014	0.007729
-0.199951	0.0358692	0.00781638
-0.199439	0.0300505	0.00715596
-0.198927	0.0360237	0.00783163
-0.198415	0.0458929	0.00883311
-0.197903	0.0441219	0.00865715
-0.19739	0.0433375	0.0085808
-0.196877	0.0436669	0.00861835
-0.196364	0.0417547	0.0084328
-0.19585	0.0434938	0.00860707
-0.195337	0.0504878	0.00926717
-0.194823	0.0590671	0.0100175
-0.194309	0.0525548	0.00945048
-0.193794	0.0618443	0.0102564
-0.19328	0.0603055	0.0101252
-0.192765	0.0487972	0.00909989
-0.19225	0.0546166	0.00962473
-0.191734	0.0495072	0.00917027
-0.191219	0.0443585	0.00868443
-0.190703	0.0390991	0.00814668
-0.190187	0.0427561	0.00850869
-0.18967	0.0543709	0.00959391
-0.189154	0.0528982	0.00947244
-0.188637	0.0435892	0.00860507
-0.18812	0.0437132	0.00861508
-0.187603	0.0513378	0.00932973
-0.187085	0.0512988	0.00932264
-0.186567	0.054486	0.00960775
-0.186049	0.0516398	0.00935402
-0.185531	0.0452959	0.00876103
-0.185013	0.0402692	0.008261
-0.184494	0.0436708	0.00860261
-0.183975	0.0600085	0.0100824
-0.183456	0.0630787	0.0103342
-0.182936	0.0489012	0.00909667
-0.182416	0.0438815	0.00861619
-0.181897	0.0571855	0.00983602
-0.181376	0.0534325	0.00950643
-0.180856	0.0511217	0.0092948
-0.180335	0.0552734	0.00966228
-0.179814	0.0525874	0.00942757
-0.179293	0.0522424	0.00940135
-0.178772	0.0539479	0.009552
-0.17825	0.0743993	0.0112084
-0.177728	0.0624607	0.0102657
-0.177206	0.0541848	0.00956573
-0.176683	0.0514377	0.00932402
-0.176161	0.0676848	0.0106922
-0.175638	0.0536348	0.00951342
-0.175115	0.0705071	0.0109095
-0.174591	0.0609825	0.01015
-0.174068	0.0517645	0.00934918
-0.173544	0.0492	0.00910802
-0.17302	0.0452098	0.00872717
-0.172495	0.0575697	0.00984774
-0.171971	0.0555162	0.00966996
-0.171446	0.0527037	0.00942221
-0.170921	0.0628446	0.0102926
-0.170395	0.0689283	0.0107807
-0.16987	0.0580492	0.00988706
-0.169344	0.0634543	0.0103296
-0.168818	0.0476985	0.00895768
-0.168291	0.0572547	0.00982149
-0.167765	0.0707193	0.0109164
-0.167238	0.0661977	0.0105557
-0.166711	0.0520747	0.00936166
-0.166183	0.0661457	0.0105564
-0.165656	0.0498521	0.00916413
-0.165128	0.0486932	0.00904939
-0.1646	0.0506313	0.00922402
-0.164072	0.0568048	0.0097768
-0.163543	0.0578263	0.00987141
-0.163014	0.0772526	0.011407
-0.162485	0.0541168	0.00954049
-0.161956	0.0600397	0.0100457
-0.161426	0.0641445	0.0103828
-0.160896	0.0628727	0.010277
-0.160366	0.0752517	0.0112401
-0.159836	0.0587996	0.00993437
-0.159305	0.0575768	0.0098288
-0.158774	0.0462447	0.00880625
-0.158243	0.0571111	0.0097866
-0.157712	0.0724038	0.0110226
-0.15718	0.0678319	0.0106683
-0.156649	0.0609647	0.0101087
-0.156116	0.0692646	0.0107735
-0.155584	0.0608049	0.0101002
-0.155051	0.0526335	0.00940134
-0.154519	0.0560105	0.00969446
-0.153986	0.0596659	0.00999963
-0.153452	0.0689622	0.0107493
-0.152919	0.0621399	0.0102041
-0.152385	0.0556466	0.00965291
-0.151851	0.0541974	0.00952437
-0.151316	0.0558039	0.00966943
-0.150782	0.056717	0.00975324
-0.150247	0.0648189	0.0104213
-0.149712	0.0699845	0.0108165
-0.149176	0.0752157	0.011209
-0.148641	0.0711166	0.010905
-0.148105	0.0694065	0.0107779
-0.147569	0.0543496	0.00953548
-0.147032	0.0722821	0.0109924
-0.146495	0.0662389	0.0105213
-0.145959	0.0818415	0.0116941
-0.145421	0.0711355	0.0109008
-0.144884	0.0721632	0.0109799
-0.144346	0.075148	0.0112085
-0.143808	0.0844495	0.0118846
-0.14327	0.0603595	0.0100457
-0.142732	0.0646501	0.0103919
-0.142193	0.0808751	0.0116187
-0.141654	0.0788315	0.0114699
-0.141115	0.0880641	0.0121249
-0.140575	0.0879277	0.0121171
-0.140036	0.0837519	0.0118235
-0.139496	0.0775359	0.0113723
-0.138956	0.0687252	0.010707
-0.138415	0.0800285	0.011558
-0.137874	0.0800582	0.0115591
-0.137333	0.0677855	0.0106281
-0.136792	0.084609	0.0118676
-0.136251	0.0891286	0.0121863
-0.135709	0.0929095	0.0124529
-0.135167	0.0863928	0.0120094
-0.134624	0.0721866	0.0109701
-0.134082	0.0837735	0.0118115
-0.133539	0.0753735	0.0112046
-0.132996	0.078858	0.0114642
-0.132453	0.0903454	0.0122732
-0.131909	0.08459	0.0118757
-0.131365	0.0808886	0.0116082
-0.130821	0.0825556	0.0117177
-0.130277	0.0963382	0.0126515
-0.129732	0.0834414	0.0117788
-0.129187	0.0821917	0.0116979
-0.128642	0.0999175	0.012896
-0.128097	0.10146	0.0129854
-0.127551	0.0956089	0.0126024
-0.127005	0.0821527	0.0116876
-0.126459	0.074693	0.0111472
-0.125913	0.0826167	0.0117189
-0.125366	0.0860609	0.0119565
-0.124819	0.0967261	0.0126768
-0.124272	0.0969655	0.0126926
-0.123724	0.0909039	0.0122856
-0.123177	0.0881052	0.0120946
-0.122629	0.0964847	0.0126616
-0.12208	0.0937836	0.0124818
-0.121532	0.0923311	0.0123717
-0.120983	0.0938275	0.0124605
-0.120434	0.0991486	0.0128145
-0.119885	0.0986311	0.0127953
-0.119335	0.0838584	0.0118025
-0.118785	0.0802575	0.011539
-0.118235	0.0884878	0.012108
-0.117685	0.106339	0.0132715
-0.117134	0.119324	0.0140605
-0.116583	0.1016	0.0129755
-0.116032	0.104687	0.0131716
-0.115481	0.119706	0.0140822
-0.114929	0.090481	0.0122372
-0.114377	0.0755887	0.0111811
-0.113825	0.0921541	0.0123492
-0.113272	0.0875701	0.0120442
-0.11272	0.0873096	0.0120247
-0.112167	0.102314	0.0130078
-0.111613	0.10804	0.0133632
-0.11106	0.100796	0.0129137
-0.110506	0.102521	0.0130291
-0.109952	0.0916653	0.0123166
-0.109398	0.0977916	0.0127156
-0.108843	0.114966	0.0137859
-0.108288	0.111625	0.0135838
-0.107733	0.105868	0.0132225
-0.107178	0.111871	0.0135854
-0.106622	0.113273	0.0136731
-0.106066	0.124834	0.014363
-0.10551	0.0936022	0.0124381
-0.104953	0.123235	0.0142621
-0.104397	0.107567	0.0133178
-0.10384	0.124205	0.014314
-0.103282	0.125126	0.0143723
-0.102725	0.13249	0.0147858
-0.102167	0.131567	0.0147268
-0.101609	0.12371	0.0142805
-0.101051	0.145136	0.0154763
-0.100492	0.135587	0.0149619
-0.0999332	0.126867	0.0144649
-0.0993741	0.123115	0.0142393
-0.0988147	0.108392	0.0133595
-0.098255	0.147433	0.0155887
-0.0976951	0.153121	0.0158944
-0.0971349	0.136447	0.015004
-0.0965744	0.12846	0.0145519
-0.0960136	0.144187	0.0154087
-0.0954526	0.131666	0.0147195
-0.0948913	0.142511	0.0153139
-0.0943298	0.135872	0.0149565
-0.0937679	0.130873	0.0146808
-0.0932058	0.150026	0.0157153
-0.0926435	0.172304	0.0168361
-0.0920808	0.135173	0.0149113
-0.0915179	0.156067	0.0160262
-0.0909547	0.141209	0.0152456
-0.0903912	0.144336	0.0154068
-0.0898275	0.165879	0.0165049
-0.0892635	0.151486	0.0157665
-0.0886992	0.129396	0.0145744
-0.0881347	0.14475	0.0154212
-0.0875699	0.123593	0.0142516
-0.0870048	0.142118	0.0152785
-0.0864394	0.172185	0.0168116
-0.0858738	0.173039	0.0168514
-0.0853079	0.154511	0.015924
-0.0847417	0.174824	0.0169364
-0.0841752	0.170277	0.0167101
-0.0836085	0.162258	0.0163092
-0.0830415	0.163618	0.016379
-0.0824742	0.191622	0.017727
-0.0819067	0.208602	0.0184912
-0.0813389	0.182932	0.0173075
-0.0807708	0.164448	0.0164053
-0.0802024	0.165466	0.0164591
-0.0796337	0.167462	0.0165643
-0.0790648	0.179275	0.0171405
-0.0784956	0.178459	0.0170972
-0.0779262	0.189235	0.0175996
-0.0773564	0.20145	0.0181546
-0.0767864	0.186321	0.0174582
-0.0762161	0.170032	0.0166765
-0.0756455	0.190867	0.0176662
-0.0750747	0.223985	0.0191338
-0.0745035	0.205177	0.0183109
-0.0739321	0.196303	0.0179117
-0.0733604	0.223048	0.0190958
-0.0727885	0.20841	0.0184599
-0.0722163	0.189636	0.0176082
-0.0716437	0.216625	0.0188181
-0.0710709	0.212063	0.0186164
-0.0704979	0.216881	0.0188217
-0.0699245	0.224073	0.0191255
-0.0693509	0.230128	0.0193803
-0.068777	0.234939	0.0195845
-0.0682028	0.236344	0.019645
-0.0676284	0.231697	0.0194496
-0.0670536	0.231488	0.0194398
-0.0664786	0.22968	0.0193645
-0.0659033	0.227606	0.0192732
-0.0653278	0.236108	0.0196171
-0.0647519	0.248937	0.0201309
-0.0641758	0.233677	0.0195071
-0.0635994	0.242475	0.0198859
-0.0630227	0.27707	0.0212649
-0.0624457	0.279008	0.0213279
-0.0618684	0.259074	0.0205365
-0.0612909	0.247072	0.0200531
-0.0607131	0.273271	0.0210981
-0.060135	0.286062	0.0215894
-0.0595566	0.274523	0.0211423
-0.058978	0.280695	0.0213718
-0.058399	0.30209	0.0221721
-0.0578198	0.321098	0.0228609
-0.0572403	0.305182	0.022281
-0.0566605	0.293609	0.0218441
-0.0560805	0.322227	0.0228789
-0.0555001	0.338435	0.0234502
-0.0549195	0.317955	0.0227322
-0.0543386	0.356606	0.0240695
-0.0537574	0.348953	0.0238035
-0.0531759	0.358936	0.0241446
-0.0525941	0.372345	0.0246039
-0.0520121	0.399767	0.0254998
-0.0514298	0.393634	0.0252905
-0.0508472	0.401665	0.025526
-0.0502643	0.366894	0.024388
-0.0496811	0.390762	0.0251746
-0.0490976	0.384395	0.0249703
-0.0485139	0.384675	0.0249684
-0.0479298	0.422513	0.0261584
-0.0473455	0.381235	0.0248535
-0.0467609	0.46528	0.0274658
-0.046176	0.417842	0.0260222
-0.0455909	0.425608	0.0262512
-0.0450054	0.440991	0.0267243
-0.0444197	0.464568	0.0274459
-0.0438336	0.523727	0.0291497
-0.0432473	0.46733	0.0275284
-0.0426607	0.513033	0.0288338
-0.0420738	0.519887	0.0290194
-0.0414866	0.557739	0.0300413
-0.0408992	0.531103	0.0292917
-0.0403114	0.535448	0.0294013
-0.0397234	0.533475	0.0293591
-0.0391351	0.565969	0.0302529
-0.0385464	0.618961	0.0316321
-0.0379575	0.585187	0.0307457
-0.0373684	0.651636	0.0324453
-0.0367789	0.591831	0.030926
-0.0361891	0.646462	0.0323136
-0.0355991	0.608321	0.0313316
-0.0350087	0.72653	0.0342419
-0.0344181	0.731907	0.0343861
-0.0338272	0.723949	0.0342076
-0.033236	0.713324	0.0339425
-0.0326445	0.735778	0.0344512
-0.0320527	0.765844	0.0351366
-0.0314606	0.810321	0.0361421
-0.0308682	0.836835	0.0367304
-0.0302756	0.872003	0.0374957
-0.0296826	0.794657	0.0358001
-0.0290894	0.880921	0.0377058
-0.0284958	0.939245	0.0389427
-0.027902	0.889457	0.037885
-0.0273079	0.945613	0.0390297
-0.0267135	0.949969	0.0390894
-0.0261188	1.00938	0.0402909
-0.0255238	1.01971	0.0405149
-0.0249285	1.07469	0.0415978
-0.0243329	1.06503	0.0413904
-0.0237371	1.06675	0.0414063
-0.0231409	1.15381	0.0430733
-0.0225445	1.2064	0.0440667
-0.0219477	1.22765	0.0444562
-0.0213507	1.29335	0.0456108
-0.0207534	1.25504	0.0449095
-0.0201557	1.32944	0.046209
-0.0195578	1.31815	0.0460056
-0.0189596	1.36285	0.0467811
-0.0183611	1.38647	0.0471976
-0.0177623	1.43711	0.0480601
-0.0171632	1.48389	0.0488225
-0.0165638	1.48495	0.0488165
-0.0159641	1.5685	0.0501612
-0.0153642	1.59883	0.0506481
-0.0147639	1.66268	0.0516491
-0.0141633	1.65843	0.051576
-0.0135625	1.69664	0.0521648
-0.0129613	1.67749	0.0518707
-0.0123598	1.70366	0.0522631
-0.0117581	1.88168	0.054904
-0.011156	1.91592	0.0553872
-0.0105537	1.87415	0.054782
-0.00995104	1.94466	0.0558161
-0.0093481	2.02313	0.0569526
-0.00874486	2.07831	0.0577428
-0.00814133	2.10659	0.0581222
-0.00753749	2.08645	0.0577923
-0.00693336	2.13423	0.0584045
-0.00632893	2.09492	0.0578723
-0.00572421	2.07479	0.0576347
-0.00511918	2.11043	0.05814
-0.00451386	2.10318	0.0580123
-0.00390824	2.15163	0.0586565
-0.00330232	2.14459	0.0585707
-0.0026961	2.11092	0.0581165
-0.00208958	2.15947	0.058765
-0.00148276	2.19746	0.0592659
-0.000875637	2.19724	0.0592662
-0.000268218	2.1552	0.0586826
0.000339501	2.17865	0.0589511
0.000947521	2.21177	0.0593555
0.00155584	2.19585	0.0591548
0.00216446	2.12467	0.058235
0.00277338	2.16673	0.0588365
0.00338261	2.14777	0.0585749
0.00399213	2.13355	0.0583672
0.00460196	2.09023	0.0577509
0.00521208	2.004	0.0565141
0.00582251	1.95948	0.0558613
0.00643325	2.00938	0.0565857
0.00704428	1.93607	0.0555749
0.00765562	1.86506	0.0545392
0.00826726	1.80029	0.0535428
0.0088792	1.80179	0.0535462
0.00949144	1.85469	0.0543535
0.010104	1.89452	0.054958
0.0107168	1.71365	0.0522468
0.01133	1.63346	0.050971
0.0119435	1.6344	0.0509774
0.0125572	1.59803	0.0504207
0.0131713	1.56469	0.0498795
0.0137857	1.47506	0.0483852
0.0144003	1.4639	0.0481719
0.0150153	1.48231	0.0484929
0.0156306	1.43923	0.0478256
0.0162462	1.37081	0.0466935
0.0168621	1.3478	0.0462847
0.0174783	1.23359	0.044259
0.0180948	1.22144	0.0440368
0.0187116	1.20622	0.0437739
0.0193288	1.12741	0.0423313
0.0199462	1.20892	0.0438335
0.0205639	1.1985	0.0436299
0.021182	1.10413	0.0418613
0.0218003	1.06508	0.0411063
0.022419	1.02446	0.0403123
0.0230379	0.953378	0.038882
0.0236572	0.92802	0.0383525
0.0242768	0.94385	0.0386786
0.0248967	0.846646	0.0366418
0.0255169	0.902987	0.0378405
0.0261374	0.873296	0.0371935
0.0267582	0.805019	0.0356928
0.0273793	0.780581	0.0351534
0.0280008	0.79299	0.0354502
0.0286225	0.798104	0.0355653
0.0292446	0.764185	0.0347843
0.0298669	0.766256	0.034823
0.0304896	0.717086	0.033696
0.0311126	0.691717	0.0330988
0.0317359	0.675115	0.0326878
0.0323595	0.661678	0.0323522
0.0329834	0.708468	0.0334831
0.0336076	0.66465	0.0324342
0.0342322	0.594379	0.0306549
0.034857	0.588494	0.0304827
0.0354822	0.636906	0.031714
0.0361076	0.541798	0.0292683
0.0367334	0.583294	0.030378
0.0373595	0.515047	0.0285397
0.0379859	0.557051	0.029671
0.0386126	0.541697	0.0292474
0.0392397	0.497874	0.0280195
0.039867	0.488626	0.0277406
0.0404947	0.497974	0.0280091
0.0411227	0.477095	0.0274342
0.041751	0.448978	0.0266161
0.0423796	0.461366	0.0269587
0.0430085	0.423184	0.0257998
0.0436377	0.410106	0.0254009
0.0442673	0.442921	0.0264108
0.0448971	0.442002	0.0263864
0.0455273	0.410798	0.0254347
0.0461578	0.373138	0.0242446
0.0467886	0.389299	0.0247708
0.0474197	0.352474	0.0235658
0.0480511	0.376461	0.0243425
0.0486829	0.361877	0.0238626
0.049315	0.349102	0.0234432
0.0499474	0.339498	0.0231187
0.0505801	0.354131	0.0236013
0.0512131	0.330107	0.0227793
0.0518464	0.329002	0.022745
0.0524801	0.34139	0.0231742
0.053114	0.336018	0.0229841
0.0537483	0.32977	0.0227551
0.0543829	0.336959	0.0229948
0.0550179	0.316453	0.0222879
0.0556531	0.308834	0.0220229
0.0562887	0.306535	0.0219407
0.0569246	0.313821	0.0221971
0.0575608	0.310086	0.0220619
0.0581973	0.280685	0.0209862
0.0588341	0.2769	0.0208406
0.0594713	0.277366	0.0208594
0.0601088	0.271884	0.0206563
0.0607466	0.282972	0.0210703
0.0613847	0.260584	0.020208
0.0620231	0.2455	0.0196064
0.0626619	0.252161	0.0198751
0.063301	0.256327	0.020047
0.0639404	0.258668	0.0201365
0.0645801	0.256005	0.0200227
0.0652202	0.241965	0.0194624
0.0658605	0.240058	0.0193903
0.0665012	0.245649	0.0196164
0.0671422	0.235498	0.0192014
0.0677836	0.231719	0.0190443
0.0684252	0.23394	0.0191411
0.0690672	0.241354	0.0194458
0.0697095	0.237203	0.0192706
0.0703521	0.200244	0.017695
0.0709951	0.200831	0.0177147
0.0716384	0.212498	0.0182202
0.072282	0.2162	0.0183776
0.0729259	0.206205	0.0179498
0.0735701	0.204868	0.0178949
0.0742147	0.207114	0.0179883
0.0748596	0.201017	0.017707
0.0755048	0.199124	0.0176108
0.0761504	0.185741	0.0170087
0.0767962	0.189093	0.0171675
0.0774424	0.185822	0.0170195
0.078089	0.170228	0.0162885
0.0787358	0.175422	0.0165398
0.079383	0.202449	0.0177753
0.0800305	0.17164	0.0163646
0.0806783	0.177208	0.0166187
0.0813265	0.176848	0.0165982
0.081975	0.158997	0.0157415
0.0826238	0.157788	0.0156812
0.0832729	0.142764	0.0149097
0.0839224	0.169288	0.0162323
0.0845722	0.14996	0.0152821
0.0852223	0.162192	0.0158971
0.0858728	0.131884	0.0143311
0.0865236	0.163017	0.0159251
0.0871747	0.16319	0.0159298
0.0878261	0.166966	0.0161133
0.0884779	0.130361	0.0142378
0.08913	0.161953	0.0158689
0.0897824	0.159694	0.0157578
0.0904352	0.122476	0.013799
0.0910883	0.155425	0.0155426
0.0917417	0.135961	0.0145359
0.0923954	0.141891	0.0148497
0.0930495	0.141251	0.0148139
0.0937039	0.14246	0.0148709
0.0943587	0.121896	0.0137498
0.0950138	0.121967	0.013751
0.0956692	0.126523	0.0140046
0.0963249	0.128207	0.0140958
0.096981	0.137365	0.0145883
0.0976374	0.0960683	0.0121999
0.0982941	0.137367	0.014591
0.0989512	0.142335	0.0148547
0.0996086	0.137406	0.0145937
0.100266	0.125155	0.013923
0.100924	0.128132	0.0140845
0.101583	0.12864	0.0141155
0.102242	0.135429	0.0144889
0.102901	0.0982343	0.0123389
0.10356	0.0963361	0.012211
0.10422	0.12888	0.0141156
0.10488	0.135048	0.0144492
0.10554	0.0986591	0.0123523
0.106201	0.105649	0.0127807
0.106862	0.137292	0.0145658
0.107524	0.124293	0.0138592
0.108185	0.112504	0.0131865
0.108847	0.121781	0.0137163
0.10951	0.112287	0.0131678
0.110173	0.107335	0.0128764
0.110836	0.118911	0.0135566
0.111499	0.105738	0.012781
0.112163	0.101929	0.0125424
0.112827	0.0940807	0.0120464
0.113492	0.102023	0.012541
0.114156	0.104971	0.0127113
0.114821	0.117287	0.0134282
0.115487	0.094761	0.012077
0.116153	0.0911216	0.0118593
0.116819	0.0884688	0.0116931
0.117485	0.109121	0.0129785
0.118152	0.0929798	0.0119708
0.118819	0.0915633	0.011877
0.119487	0.106225	0.0127912
0.120155	0.099157	0.0123534
0.120823	0.101214	0.0124803
0.121492	0.094274	0.0120524
0.12216	0.0980469	0.0122958
0.12283	0.0895051	0.0117416
0.123499	0.0813538	0.011186
0.124169	0.0904027	0.0117904
0.124839	0.100483	0.0124308
0.12551	0.0935061	0.0119851
0.126181	0.0880233	0.0116226
0.126852	0.10231	0.0125354
0.127524	0.0999461	0.0123997
0.128196	0.0923824	0.011921
0.128868	0.0841676	0.0113696
0.129541	0.077843	0.0109294
0.130214	0.0977723	0.0122526
0.130887	0.108168	0.0128903
0.131561	0.0809011	0.011143
0.132235	0.0867414	0.0115305
0.132909	0.0967069	0.0121705
0.133584	0.0935297	0.0119682
0.134259	0.0912051	0.0118189
0.134934	0.0873095	0.0115645
0.13561	0.0826193	0.0112489
0.136286	0.0770834	0.0108626
0.136962	0.0732948	0.0105897
0.137639	0.0742656	0.0106599
0.138316	0.0782464	0.0109424
0.138994	0.0680965	0.0102057
0.139672	0.059522	0.00953961
0.14035	0.0710009	0.0104223
0.141028	0.0788279	0.0109872
0.141707	0.0778844	0.0109202
0.142386	0.0733983	0.0105937
0.143066	0.081417	0.0111524
0.143746	0.0801674	0.0110684
0.144426	0.0706997	0.010397
0.145107	0.0718781	0.0104825
0.145788	0.07808	0.0109236
0.146469	0.0658489	0.0100312
0.147151	0.0689869	0.0102664
0.147833	0.064498	0.00992381
0.148515	0.059007	0.00948971
0.149198	0.058523	0.00944991
0.149881	0.0672478	0.0101275
0.150564	0.0718558	0.0104642
0.151248	0.0655289	0.00999057
0.151932	0.0630531	0.00980183
0.152617	0.0791772	0.010986
0.153301	0.0752897	0.0107119
0.153987	0.0711046	0.010409
0.154672	0.0767236	0.0108138
0.155358	0.059139	0.00949312
0.156044	0.0756981	0.0107333
0.156731	0.0702286	0.0103321
0.157418	0.0687867	0.0102282
0.158105	0.0704554	0.0103604
0.158793	0.0631111	0.00980866
0.159481	0.0769541	0.0108248
0.160169	0.0863186	0.0114568
0.160858	0.082194	0.0111784
0.161547	0.0626982	0.00976323
0.162236	0.0570991	0.00931266
0.162926	0.0471576	0.00845779
0.163616	0.0514101	0.00883099
0.164307	0.0687443	0.010218
0.164997	0.0579496	0.00938424
0.165689	0.0637755	0.00984103
0.16638	0.0629036	0.00977044
0.167072	0.0844551	0.0113241
0.167764	0.0567291	0.0092829
0.168457	0.0698085	0.0102911
0.16915	0.0569786	0.00928827
0.169843	0.071454	0.0103995
0.170537	0.0432221	0.00809407
0.171231	0.0505177	0.00875483
0.171925	0.0537732	0.00902902
0.17262	0.0684207	0.0101791
0.173315	0.0538532	0.0090314
0.174011	0.0640601	0.00985386
0.174707	0.0603604	0.00956462
0.175403	0.0724445	0.0104742
0.176099	0.0578419	0.00935705
0.176796	0.054981	0.00912124
0.177494	0.0533188	0.00897798
0.178191	0.0390969	0.007684
0.178889	0.0621845	0.00969197
0.179588	0.0591814	0.00946097
0.180286	0.0559374	0.00920027
0.180986	0.0535196	0.00899561
0.181685	0.0629587	0.00975338
0.182385	0.0566784	0.00925588
0.183085	0.0584896	0.00940463
0.183786	0.059456	0.00947962
0.184486	0.0532036	0.00896446
0.185188	0.0580295	0.00936352
0.185889	0.0518689	0.00885443
0.186591	0.052769	0.00892674
0.187294	0.0543098	0.0090477
0.187996	0.0474766	0.00845697
0.1887	0.0519548	0.00885401
0.189403	0.059578	0.00949058
0.190107	0.049578	0.00865738
0.190811	0.052814	0.0089272
0.191516	0.0667799	0.010031
0.192221	0.0619361	0.00966137
0.192926	0.058248	0.00937372
0.193631	0.0531458	0.00895485
0.194337	0.0624303	0.00970344
0.195044	0.0649669	0.00989764
0.195751	0.0420893	0.00796679
0.196458	0.0461588	0.00834069
0.197165	0.0511881	0.00877818
0.197873	0.0488412	0.00857247
0.198581	0.0460125	0.00832386
0.19929	0.0547626	0.00908502
0.199999	0.0535836	0.00898536
0.200708	0.0546301	0.00906837
0.201418	0.0555921	0.00914726
0.202128	0.0514135	0.00880004
0.202838	0.0462134	0.00834445
0.203549	0.0390784	0.00767098
0.20426	0.0491783	0.00860321
0.204972	0.0577429	0.00932395
0.205684	0.0570794	0.0092726
0.206396	0.054114	0.00902712
0.207109	0.0509039	0.00875095
0.207822	0.0419959	0.00794524
0.208535	0.0513059	0.00878089
0.209249	0.0614097	0.00960763
0.209963	0.0461362	0.00832911
0.210678	0.0584288	0.00937471
0.211393	0.0590261	0.00942268
0.212108	0.0456566	0.00828658
0.212823	0.0379065	0.00755045
0.21354	0.0371176	0.00747086
0.214256	0.0381668	0.00757271
0.214973	0.0470458	0.00840293
0.21569	0.0498336	0.00864712
0.216407	0.0409638	0.00784273
0.217125	0.054353	0.0090351
0.217843	0.0539744	0.00899786
0.218562	0.0477999	0.00846113
0.219281	0.0388447	0.00762817
0.22	0.0439712	0.00812208
0.22072	0.0480256	0.00849033
0.22144	0.0488837	0.00855941
0.222161	0.0458027	0.00827845
0.222882	0.0366456	0.00740533
0.223603	0.0332747	0.00706148
0.224325	0.037512	0.00750079
0.225047	0.0361483	0.00736207
0.225769	0.0390987	0.00765402
0.226492	0.0440835	0.00812481
0.227215	0.0386725	0.00760684
0.227939	0.0306223	0.00676618
0.228663	0.0343231	0.00716263
0.229387	0.0431006	0.0080282
0.230112	0.0383346	0.00757309
0.230837	0.0374234	0.00748348
0.231562	0.0413375	0.00786624
0.232288	0.0326786	0.00699417
0.233014	0.0301873	0.00671896
0.233741	0.0313628	0.00684262
0.234468	0.0514596	0.00876098
0.235195	0.0381672	0.00754771
0.235923	0.0308744	0.00679206
0.236651	0.0340148	0.00712922
0.237379	0.0424489	0.00796173
0.238108	0.0397734	0.00770664
0.238837	0.0405306	0.00778159
0.239567	0.0393715	0.00766934
0.240297	0.0472873	0.00840183
0.241027	0.0372601	0.00745564
0.241758	0.041643	0.00788095
0.242489	0.037957	0.0075227
0.243221	0.0376043	0.00748618
0.243953	0.043292	0.00803338
0.244685	0.0364866	0.00737724
0.245418	0.0448124	0.00817502
0.246151	0.0538716	0.00895875
0.246884	0.0408445	0.00779881
0.247618	0.0331652	0.0070299
0.248353	0.0286608	0.00653743
0.249087	0.0362433	0.00735089
0.249822	0.0432672	0.0080304
0.250558	0.0303101	0.00672242
0.251293	0.0364602	0.00737377
0.25203	0.0435296	0.00805347
0.252766	0.0411028	0.00782061
0.253503	0.0271269	0.00635164
0.254241	0.0287653	0.00654075
0.254978	0.032334	0.00693399
0.255716	0.0409695	0.00780499
0.256455	0.0447315	0.0081589
0.257194	0.0408489	0.00780041
0.257933	0.0305962	0.00674914
0.258673	0.0272829	0.00636775
0.259413	0.0477255	0.00841708
0.260153	0.0438882	0.00807158
0.260894	0.0311997	0.00680587
0.261635	0.038489	0.00755806
0.262377	0.0401542	0.00771975
0.263119	0.0260501	0.0062191
0.263862	0.0296753	0.00663749
0.264604	0.0341268	0.00711574
0.265348	0.0355722	0.00726459
0.266091	0.0425447	0.00794677
0.266835	0.0337337	0.00707512
0.26758	0.0302984	0.00670053
0.268324	0.0284373	0.00648951
0.26907	0.0293457	0.00659631
0.269815	0.0268886	0.00631792
0.270561	0.0442878	0.00810545
0.271307	0.0366735	0.00736988
0.272054	0.0363489	0.00733578
0.272801	0.0422557	0.00791198
0.273549	0.0337385	0.00706948
0.274297	0.0398524	0.00767988
0.275045	0.0333114	0.00702092
0.275794	0.0284037	0.00648621
0.276543	0.0342987	0.0071291
0.277293	0.0470146	0.00834251
0.278043	0.0473667	0.00836825
0.278793	0.0365946	0.00735416
0.279544	0.0336494	0.00705343
0.280295	0.038177	0.00751377
0.281046	0.0248169	0.00605687
0.281798	0.0253725	0.00612212
0.28255	0.0423706	0.00790971
0.283303	0.0425806	0.00793101
0.284056	0.0411159	0.0077972
0.28481	0.0327689	0.00696156
0.285564	0.0287413	0.00651613
0.286318	0.0342623	0.00711124
0.287073	0.0313839	0.00680815
0.287828	0.0283489	0.0064737
0.288583	0.0268171	0.00629338
0.289339	0.0275734	0.00637389
0.290096	0.0273774	0.00634773
0.290852	0.0347765	0.0071577
0.291609	0.0399235	0.00767153
0.292367	0.0379657	0.00747621
0.293125	0.0327559	0.00693878
0.293883	0.0307234	0.00672042
0.294642	0.0318184	0.00684298
0.295401	0.0312024	0.00677752
0.296161	0.0285288	0.00647914
0.296921	0.0267321	0.00627175
0.297681	0.0230907	0.00583064
0.298442	0.0310186	0.00675879
0.299203	0.035264	0.00720527
0.299964	0.0274716	0.00635752
0.300726	0.0256732	0.00614325
0.301489	0.0325663	0.00691629
0.302252	0.0335987	0.00702577
0.303015	0.032663	0.00693167
0.303778	0.0347335	0.00715057
0.304542	0.0325089	0.00691377
0.305307	0.0321508	0.00686883
0.306072	0.036803	0.00734643
0.306837	0.0342121	0.00708582
0.307603	0.0304318	0.00668533
0.308369	0.0417713	0.0078319
0.309135	0.0347641	0.00714314
0.309902	0.0198107	0.00539182
0.310669	0.0368761	0.0073575
0.311437	0.040687	0.00773161
0.312205	0.0259986	0.00618275
0.312973	0.0222484	0.00571802
0.313742	0.029389	0.00656584
0.314512	0.0322558	0.00687379
0.315281	0.0276417	0.00636389
0.316052	0.0291054	0.00653194
0.316822	0.0420619	0.00784914
0.317593	0.0241097	0.00593889
0.318365	0.0219512	0.00566747
0.319136	0.0183051	0.00517821
0.319909	0.0216483	0.0056306
0.320681	0.0234586	0.00585755
0.321454	0.0222906	0.00570996
0.322228	0.0181421	0.00515514
0.323002	0.0381277	0.00747428
0.323776	0.0247806	0.0060195
0.324551	0.0290942	0.00651669
0.325326	0.0308784	0.00671572
0.326101	0.0310006	0.0067337
0.326877	0.0267158	0.00624967
0.327654	0.0408608	0.00772223
0.32843	0.032531	0.00688793
0.329208	0.0294878	0.0065608
0.329985	0.0293948	0.00655324
0.330763	0.0205516	0.0054791
0.331542	0.0166394	0.00492874
0.33232	0.0307062	0.00669431
0.3331	0.0253823	0.00608523
0.333879	0.0319544	0.00682553
0.33466	0.0249026	0.00602363
0.33544	0.0229697	0.00578437
0.336221	0.0169191	0.00496471
0.337002	0.0241793	0.00593623
0.337784	0.0166403	0.00492549
0.338566	0.0214245	0.00558879
0.339349	0.0277657	0.00636086
0.340132	0.0283784	0.00642909
0.340916	0.0413611	0.00776113
0.3417	0.0400093	0.00763415
0.342484	0.0245382	0.0059798
0.343269	0.0230504	0.00579627
0.344054	0.02612	0.00616859
0.344839	0.0187121	0.00521778
0.345625	0.0234702	0.0058405
0.346412	0.0243691	0.0059514
0.347199	0.0266357	0.00622381
0.347986	0.0242975	0.00594374
0.348774	0.0288578	0.0064745
0.349562	0.0190014	0.00525314
0.35035	0.026412	0.00619656
0.351139	0.0333495	0.00696682
0.351929	0.0267261	0.00623675
0.352719	0.0255194	0.00609163
0.353509	0.0303686	0.00664194
0.3543	0.0288679	0.00647339
0.355091	0.029174	0.00650714
0.355882	0.0317875	0.00679461
0.356674	0.0303334	0.00664013
0.357467	0.0293395	0.00653027
0.358259	0.0263091	0.00618155
0.359053	0.0241235	0.00591877
0.359846	0.0318557	0.00680362
0.36064	0.0310236	0.00671449
0.361435	0.024709	0.0059893
0.36223	0.0225248	0.00571559
0.363025	0.0222554	0.00568106
0.363821	0.0246665	0.00598218
0.364617	0.0252872	0.00605881
0.365414	0.0238328	0.00588513
0.366211	0.0272013	0.00629037
0.367009	0.0211944	0.00555113
0.367807	0.0213098	0.00556132
0.368605	0.0238724	0.00588414
0.369404	0.0250887	0.00603621
0.370203	0.0241302	0.00592379
0.371003	0.0278429	0.00636172
0.371803	0.0285796	0.0064419
0.372604	0.022643	0.00573478
0.373405	0.0221612	0.00567646
0.374206	0.0264168	0.00619779
0.375008	0.0256133	0.00610066
0.37581	0.022539	0.00572322
0.376613	0.0189323	0.00524838
0.377416	0.0168124	0.0049484
0.37822	0.0187031	0.00522068
0.379024	0.0257333	0.0061252
0.379829	0.0216137	0.00561408
0.380634	0.0197122	0.00536037
0.381439	0.0193776	0.00531429
0.382245	0.0231296	0.00580887
0.383051	0.0256147	0.00611715
0.383858	0.0250793	0.00605457
0.384665	0.0279403	0.00639097
0.385472	0.0246945	0.00601041
0.38628	0.0260958	0.00618177
0.387089	0.0201329	0.00543141
0.387898	0.0203198	0.00545854
0.388707	0.0212068	0.00558051
0.389517	0.0166136	0.00494217
0.390327	0.0222066	0.00571285
0.391137	0.0220037	0.00568514
0.391949	0.0229448	0.00580917
0.39276	0.0292952	0.00657178
0.393572	0.0257126	0.00615957
0.394384	0.0271854	0.0063311
0.395197	0.0225788	0.00576968
0.396011	0.0185568	0.00523474
0.396824	0.0214194	0.00562802
0.397638	0.0247585	0.00605129
0.398453	0.025381	0.00612741
0.399268	0.0290533	0.00656005
0.400084	0.0225748	0.00578709
0.4009	0.0284359	0.00649728
0.401716	0.0224342	0.00577223
0.402533	0.0235591	0.00591907
0.40335	0.0305159	0.00674394
0.404168	0.0316574	0.00687636
0.404986	0.0211252	0.00562108
0.405805	0.0329942	0.00702607
0.406624	0.0185292	0.00526525
0.407443	0.031654	0.00688603
0.408263	0.0250617	0.00613671
0.409084	0.0145255	0.00467918
0.409904	0.0278714	0.0064836
0.410726	0.021739	0.00572234
0.411548	0.0313853	0.00687556
0.41237	0.0232403	0.00592402
0.413192	0.0229282	0.00589274
0.414016	0.0124887	0.00435138
0.414839	0.0228007	0.00587903
0.415663	0.0244805	0.00609279
0.416488	0.0246009	0.00611139
0.417312	0.0305837	0.00681892
0.418138	0.0259802	0.00628992
0.418964	0.0215615	0.00573597
0.41979	0.0219164	0.00578875
0.420617	0.0274501	0.00648339
0.421444	0.0216682	0.00576438
0.422271	0.0213399	0.00572517
0.423099	0.0188368	0.00538234
0.423928	0.0351777	0.00735769
0.424757	0.0165315	0.005046
0.425586	0.0245601	0.00615609
0.426416	0.0218551	0.00581409
0.427247	0.0214811	0.0057698
0.428077	0.0201375	0.00559058
0.428909	0.0268115	0.0064558
0.42974	0.0181015	0.00530926
0.430573	0.0147058	0.00478963
0.431405	0.017627	0.00524764
0.432238	0.0201349	0.00561197
0.433072	0.0237322	0.0060971
0.433906	0.0164471	0.0050816
0.43474	0.0151227	0.00488049
0.435575	0.0231957	0.00605312
0.436411	0.0185099	0.00541136
0.437246	0.0154691	0.00494869
0.438083	0.0288034	0.00675772
0.438919	0.0259363	0.00642116
0.439757	0.0177024	0.00531286
0.440594	0.0173004	0.00525973
0.441433	0.0143127	0.00479143
0.442271	0.0136278	0.00468268
0.44311	0.0252997	0.00638809
0.44395	0.0273753	0.00665236
0.44479	0.0185769	0.00548945
0.44563	0.0192094	0.00559509
0.446471	0.0247683	0.00636566
0.447312	0.0207182	0.00582813
0.448154	0.0156733	0.0050741
0.448997	0.0205896	0.00582655
0.449839	0.0230175	0.00617569
0.450683	0.0258484	0.00655833
0.451526	0.0235869	0.00627499
0.45237	0.0199841	0.00578619
0.453215	0.0185268	0.00558391
0.45406	0.0180329	0.00552191
0.454906	0.020994	0.00597013
0.455752	0.0187359	0.00565077
0.456598	0.027028	0.00680215
0.457445	0.0274674	0.00687422
0.458292	0.0224909	0.0062343
0.45914	0.0220294	0.00618111
0.459989	0.016704	0.00539227
0.460838	0.0141189	0.00496963
0.461687	0.022405	0.00627871
0.462537	0.0228615	0.00635996
0.463387	0.0143547	0.00505173
0.464238	0.0173388	0.00556604
0.465089	0.016974	0.00552318
0.46594	0.0196681	0.00596193
0.466793	0.0165637	0.00548375
0.467645	0.012103	0.00469826
0.468498	0.0140403	0.00507475
0.469352	0.0215315	0.00630352
0.470206	0.018314	0.00582862
0.47106	0.0166209	0.00556588
0.471915	0.0189162	0.00595426
0.472771	0.0226278	0.00653182
0.473626	0.0248732	0.00686678
0.474483	0.0212622	0.00636557
0.47534	0.0244483	0.0068473
0.476197	0.0142822	0.00525088
0.477055	0.0224098	0.00659559
0.477913	0.0241373	0.00686221
0.478772	0.0245473	0.00694185
0.479631	0.018919	0.00611594
0.480491	0.0203518	0.00636207
0.481351	0.0178149	0.0059664
0.482212	0.0147415	0.00544264
0.483073	0.0127827	0.00508567
0.483934	0.0184949	0.0061368
0.484796	0.0175269	0.00599031
0.485659	0.0182354	0.0061299
0.486522	0.0221252	0.00677884
0.487386	0.0265469	0.0074522
0.48825	0.017465	0.00606162
0.489114	0.0132357	0.00529323
0.489979	0.0181809	0.0062283
0.490844	0.0302527	0.00806526
0.49171	0.0218426	0.00687389
0.492577	0.0216162	0.0068586
0.493444	0.0183608	0.00634451
0.494311	0.0255057	0.00750589
0.495179	0.015217	0.0058156
0.496047	0.0135431	0.00550346
0.496916	0.0136478	0.00554599
0.497785	0.0158126	0.00599328
0.498655	0.0119698	0.00523115
0.499525	0.0201053	0.00679991
0.500396	0.0253669	0.00766587
0.501267	0.0281225	0.0081032
0.502139	0.0239991	0.00751151
0.503011	0.0102418	0.00492388
0.503884	0.0165861	0.00629229
0.504757	0.0288091	0.00832926
0.505631	0.0269735	0.00808791
0.506505	0.0197779	0.00694603
0.50738	0.0295347	0.00851817
0.508255	0.00287395	0.0026681
0.509131	0.0247917	0.00786483
0.510007	0.0107548	0.00519576
0.510883	0.0270457	0.00826793
0.51176	0.00583322	0.00385624
0.512638	0.0184904	0.00689509
0.513516	0.0242771	0.00792947
0.514395	0.0348613	0.00953546
0.515274	0.0405419	0.0103243
0.516153	0.0208767	0.00744004
0.517033	0.016472	0.00663389
0.517914	0.0190037	0.00714959
0.518795	0.0187948	0.00713606
0.519676	0.0165498	0.00672529
0.520558	0.0167	0.00678631
0.521441	0.0172593	0.00692491
0.522324	0.0197411	0.00742702
0.523207	0.0188811	0.00728587
0.524091	0.01275	0.00601401
0.524976	0.00744841	0.0046209
0.525861	0.0157672	0.00675303
0.526746	0.0230348	0.00818913
0.527632	0.0286598	0.00916641
0.528519	0.0156122	0.00679641
0.529406	0.01952	0.00763584
0.530293	0.026556	0.00894133
0.531181	0.0320865	0.00986194
0.53207	0.0261017	0.00892735
0.532959	0.0191824	0.00768241
0.533848	0.0134016	0.00644547
0.534738	0.0213155	0.00816299
0.535628	0.0350558	0.010521
0.536519	0.0324055	0.0101663
0.537411	0.0238836	0.00876331
0.538303	0.0174496	0.0075156
0.539195	0.0153892	0.00708292
0.540088	0.0245193	0.00897712
0.540982	0.0275031	0.00955162
0.541876	0.0193843	0.00805881
0.54277	0.0238778	0.00898336
0.543665	0.0226491	0.00876531
